a 0,0,35,34
text 43,8,6,17 "F"
text 49,8,13,17 "ile"
text 78,8,7,17 "E"
text 85,8,15,17 "dit"
text 116,8,7,17 "S"
text 123,8,45,17 "election"
text 184,8,8,17 "V"
text 193,8,19,17 "iew"
text 228,8,9,17 "G"
text 237,8,8,17 "o"
text 260,8,8,17 "R"
text 268,8,15,17 "un"
a 345,6,22,22
a 371,6,22,22
text 408,9,35,16 "Search"
a 807,6,22,22
a 832,6,18,24
text 872,9,36,16 "Sign In"
a 949,9,1,16
a 958,6,22,22
a 984,6,22,22
a 1010,6,22,22
a 1036,6,22,22
a 0,35,48,48
a 0,83,48,48
a 0,131,48,48
a 0,179,48,48
a 0,227,48,48 [occluded]
mark 24,251,16,16 rgb(57, 148, 188)
a 0,275,48,48
a 0,682,48,48
a 0,730,48,48
a 80,44,46,17
text 80,44,46,17 "probe.js"
a 143,43,20,20
a 814,42,22,22
a 840,42,22,22
a 866,42,22,22
a 64,72,11,17
text 64,72,11,17 "C:"
a 91,72,31,17
text 91,72,31,17 "Users"
a 138,72,64,17
text 138,72,64,17 "LANDRE~1"
a 218,72,50,17
text 218,72,50,17 "AppData"
a 285,72,30,17
text 285,72,30,17 "Local"
a 330,72,31,17
text 330,72,31,17 "Temp"
a 377,72,91,17
text 377,72,91,17 "ptap-vscode-ws"
a 507,72,46,17
text 507,72,46,17 "probe.js"
text 568,72,10,17 "…"
textarea 48,92,147,30 [occluded]
text 82,93,8,17 "1"
text 82,112,8,17 "2"
[pixels] bg 285,92,39,19 [occluded]
text 116,93,62,17 "ELECTRON"
text 178,93,8,17 "-"
text 185,93,23,17 "TAP"
text 208,93,8,17 "-"
text 216,93,62,17 "SENTINEL"
text 285,93,39,17 "const"
text 332,93,46,17 "answer"
text 385,93,8,17 "="
text 401,93,15,17 "42"
text 416,93,15,17 ";"
text 432,93,104,17 "// café 日本語"
[pixels] canvas 886,92,14,686
[pixels] canvas 790,92,96,686 [occluded]
[pixels] canvas 790,92,96,686
a 919,37,31,31
text 921,45,27,15 "Chat"
a 963,43,20,20
a 1036,42,22,22
a 1055,42,16,22
a 1075,42,22,22
a 1101,42,22,22
a 1131,45,1,16
a 1140,42,22,22
a 1166,42,22,22
text 1001,348,98,17 "Build with Agent"
text 967,374,167,16 "AI responses may be inaccurate"
a 938,392,148,16
text 938,392,148,16 "Generate Agent Instructions"
text 996,392,167,34 "to onboard AI onto your codebase."
a 921,650,17,22
a 958,653,36,15
text 958,653,36,15 "probe.js"
textarea 924,671,147,30 [occluded]
a 920,719,22,22
a 946,719,22,22
a 978,719,34,22
text 983,722,24,15 "Auto"
a 1022,719,22,22
a 1159,719,22,22
a 917,752,59,22
text 943,755,25,15 "Local"
a 986,752,121,22
text 1012,755,87,15 "Default Approvals"
a 2,778,32,22
a 37,778,65,22
text 58,781,13,16 "1"
text 87,781,10,16 "0"
a 1166,778,32,22
a 1137,778,26,22
a 1071,778,58,22
text 1074,781,52,16 "JavaScript"
a 1049,778,22,22
a 1019,778,22,22
text 1024,781,12,16 "LF"
a 971,778,42,22
text 976,781,32,16 "UTF-8"
a 907,778,59,22
text 912,781,49,16 "Spaces: 4"
a 835,778,65,22
text 840,781,55,16 "Ln 1, Col 1"